8122 22621 0 5000 2
13807 26694 0 5000 2
8112 15814 0 5000 2
17519 16423 0 5000 10
20266 7203 0 5000 1
29672 9488 0 5000 10
29672 201 0 5000 10
26309 25394 0 5000 9
19769 7203 0 5000 9
27708 11116 0 5000 5
18933 17185 0 5000 7


#57 23 0.0 10000
#12 71 0.0 10000
#0 0 0.0 0.0
#23 57 0.0 10000
#0 0 0.0 0.0
#11 22 0.0 10000
#0 0 0.0 0.0
#95 66 0.0 10000
#0 0 0.0 0.0
#38 69
#77 598

57 23 0.0 100000 6
12 71 0.0 100000 6
23 57 0.0 100000 9
11 22 0.0 100000 1
95 66 0.0 100000 9
38 69 0.0 100000 9
77 598